4
linear   essential      -0.250000   0.750000
linear   non-essential   0.000000   1.000000
linear   essential       0.000000   1.000000
linear   essential       0.000000   1.000000

3 1
significant   elliptical     9
	  0.245226  0.437630  0.233507  0.185330
	  0.086455  0.002508  0.001922  0.000851

5 1
significant   elliptical     9
	  0.369358  0.444661  0.232205  0.173177
	  0.000400  0.000400  0.000400  0.000400

8 1
significant   elliptical     9
	  0.320312  0.379601  0.199219  0.161892
	  0.000400  0.002106  0.000488  0.000401

1 1
significant   elliptical     9
	  0.413194  0.220964  0.218316  0.111979
	  0.000400  0.000400  0.000400  0.000400

4 1
significant   elliptical     9
	  0.233941  0.462326  0.249566  0.231771
	  0.000425  0.000507  0.000400  0.000400

6 1
significant   elliptical     9
	  0.507378  0.624175  0.307292  0.259983
	  0.001936  0.000693  0.000400  0.000400

9 1
significant   elliptical     8
	  0.554688  0.646484  0.334961  0.271973
	  0.000427  0.000400  0.000400  0.000400

7 1
significant   elliptical     9
	  0.331597  0.406554  0.328125  0.220920
	  0.070543  0.061808  0.041080  0.017956

2 1
significant   elliptical     9
	  0.347222  0.374262  0.251736  0.161024
	  0.000400  0.000400  0.000400  0.000400
