4
linear   essential      -0.250000   0.750000
linear   non-essential   0.000000   1.000000
linear   essential       0.000000   1.000000
linear   essential       0.000000   1.000000

3 1
significant   elliptical    35
	  0.375893  0.439442  0.243862  0.175223
	  0.001401  0.000913  0.000457  0.000400

1 1
significant   elliptical    36
	  0.412652  0.221061  0.218533  0.111654
	  0.000400  0.000400  0.000400  0.000400

5 1
significant   elliptical    35
	  0.369978  0.445123  0.233371  0.172545
	  0.000400  0.000400  0.000400  0.000400

9 1
significant   elliptical    35
	  0.521540  0.612489  0.316295  0.260045
	  0.007647  0.006633  0.002417  0.000831

8 1
significant   elliptical    34
	  0.322495  0.390177  0.201517  0.167739
	  0.000581  0.002601  0.000575  0.000596

2 1
significant   elliptical    36
	  0.347331  0.374360  0.251953  0.161024
	  0.000400  0.000400  0.000400  0.000400

6 1
significant   elliptical    35
	  0.506696  0.624297  0.307143  0.259710
	  0.001804  0.000666  0.000400  0.000400

4 1
significant   elliptical    34
	  0.242302  0.445037  0.238051  0.228516
	  0.000855  0.003489  0.000846  0.000804

7 1
significant   elliptical    36
	  0.315647  0.421929  0.339627  0.230035
	  0.068210  0.062144  0.040577  0.018384
