4
linear   essential      -0.250000   0.750000
linear   non-essential   0.000000   1.000000
linear   essential       0.000000   1.000000
linear   essential       0.000000   1.000000

4 1
significant   elliptical    13
	  0.417368  0.641947  0.311298  0.316106
	  0.222567  0.512909  0.087632  0.083276

6 1
significant   elliptical    11
	  0.508523  0.692436  0.393821  0.369318
	  0.459637  0.145473  0.151452  0.144801

9 1
significant   elliptical    17
	  0.395450  0.539315  0.270450  0.232767
	  0.015695  0.006248  0.001769  0.001436

3 1
significant   elliptical    13
	  0.342548  0.504357  0.242188  0.231971
	  0.007099  0.011006  0.000806  0.002087

1 1
significant   elliptical    19
	  0.284334  0.396361  0.270559  0.235197
	  0.040494  0.108061  0.019531  0.041605

5 1
significant   elliptical    11
	  0.319957  0.472869  0.234020  0.213778
	  0.004716  0.004338  0.001265  0.001337

2 1
significant   elliptical    22
	  0.310902  0.521804  0.294567  0.250533
	  0.060286  0.179776  0.042044  0.043186

7 1
significant   elliptical    15
	  0.318229  0.468698  0.331771  0.247135
	  0.276225  0.027575  0.044581  0.009708

8 1
significant   elliptical    15
	  0.625260  1.011198  0.516146  0.483073
	  0.940753  2.241085  0.547378  0.454107
