12
NULL 0 NULL 0
Joined 0 0,255,0,255,0,0,0,0,0,0 NULL 0 0 0 	# Joined [4a 6f 69 6e 65 64 ]
|Broken|0|1 0 0,255,0,255,0,0,0,0,0,0 NULL 0 0 0 	# Broken
4 0 0,255,0,255,0,0,0,0,0,0 NULL 0 0 0 	# 4 [34 ]
7 0 0,255,0,255,0,0,0,0,0,0 NULL 0 0 0 	# 7 [37 ]
6 0 0,255,0,255,0,0,0,0,0,0 NULL 0 0 0 	# 6 [36 ]
9 0 0,255,0,255,0,0,0,0,0,0 NULL 0 0 0 	# 9 [39 ]
3 0 0,255,0,255,0,0,0,0,0,0 NULL 0 0 0 	# 3 [33 ]
1 0 0,255,0,255,0,0,0,0,0,0 NULL 0 0 0 	# 1 [31 ]
5 0 0,255,0,255,0,0,0,0,0,0 NULL 0 0 0 	# 5 [35 ]
2 0 0,255,0,255,0,0,0,0,0,0 NULL 0 0 0 	# 2 [32 ]
8 0 0,255,0,255,0,0,0,0,0,0 NULL 0 0 0 	# 8 [38 ]
